Pork Sirloin Cutlet: [245.3, 29.9, 17.799999999999997, 6.3, 1.2, 2.5, 0.1, 2.0, 0.5, 0, 215.9, 0.8999999999999999]
Pastry Cup Soup: [263.3, 40.5, 12.2, 7.5, 0.0, 0.1, 0.0, 1.5, 0.0, 0, 115.5, 0.9]
Cold Pasta Salad: [207.7, 35.4, 4.7, 5.5, 28.4, 0.1, 0.0, 0.9, 8.2, 0, 26.599999999999998, 0.9]
Furikake Fried Rice: [156.6, 29.700000000000003, 3.2, 2.4000000000000004, 9.2, 0.0, 0.0, 0.5, 0.0, 0, 4.1, 0.6]
Mini Ice Bar Polapo: [34.9, 4.1, 0.4, 2.2, 25.5, 0.0, 0.0, 0.0, 0.4, 0, 17.5, 0.0]
Spicy Bulgogi Rice Bowl: [564.4, 77.1, 28.4, 13.799999999999997, 76.3, 0.9, 0.30000000000000004, 6.6, 6.1, 0.7, 31.0, 1.3000000000000003]
Amaranth Soybean Paste Soup: [33.2, 3.3, 3.8, 0.8, 102.5, 0.1, 0.1, 0.5, 3.1, 0.0, 96.10000000000001, 0.8]
Three-Color Vegetable Steamed Egg: [131.5, 2.6, 12.200000000000001, 7.3, 124.7, 0.1, 0.3, 0.1, 0.5, 0.9, 48.50000000000001, 1.8]
Chamnamul Fresh Salad: [21.400000000000002, 3.4000000000000004, 0.8, 0.7000000000000001, 41.7, 0.0, 0.1, 0.2, 1.1, 0.0, 20.3, 0.5]
Boneless Flounder Cutlet: [71.8, 6.7, 8.2, 0.6, 0.0, 0.1, 0.2, 1.4, 0.6, 0.0, 3.0, 0.4]
Seafood Soft Tofu Stew: [129.9, 5.6, 13.6, 5.5, 63.7, 0.3, 0.1, 1.7, 2.9, 1.7, 93.8, 1.2]
Seasoned Butterbur Shoots: [13.1, 1.9000000000000001, 1.1, 0.30000000000000004, 92.69999999999999, 0.0, 0.0, 0.6, 1.1, 0.0, 44.20000000000001, 0.5]
Corn Cheese Mayo Grilled Short Rib Patties: [305.9, 13.1, 10.6, 23.3, 31.0, 0.1, 0.1, 0.9, 1.7000000000000002, 0.0, 77.8, 1.0]
Kimchi: [18.0, 3.0, 0.8999999999999999, 0.30000000000000004, 22.4, 0.0, 0.0, 0.2, 1.4000000000000001, 0.0, 23.4, 0.30000000000000004]
Apple Slices: [37.2, 9.0, 0.1, 0.5, 0.7, 0.0, 0.0, 0.3, 0.9, 0.0, 2.7, 0.1]
Rice: [172.9, 37.3, 3.3, 0.5, 0.0, 0.0, 0.0, 0.5, 0.0, 0, 4.5, 0.2]
Spicy Handmade Dough Soup: [177.2, 35.5, 7.6, 0.8, 12.8, 0.1, 0.1, 0.5, 6.3, 0, 142.1, 1.1]
Stir-Fried Smoked Duck with Bean Sprouts: [178.5, 5.2, 14.1, 11.6, 20.5, 0.2, 0.3, 13.2, 149.2, 0, 31.9, 1.9]
Seasoned Crunchy Peppers: [18.6, 3.1, 0.5, 0.6, 8.6, 0.0, 0.0, 0.2, 11.2, 0, 9.0, 0.2]
Anchovy and Peanut Side Dish: [106.6, 13.8, 3.8, 4.3999999999999995, 0.6, 0.1, 0.0, 0.9, 0.0, 0, 48.2, 0.30000000000000004]
Maple Pecan Pie: [166.9, 24.4, 1.8, 6.8, 20.5, 0.1, 0.0, 0.5, 0.0, 0, 9.0, 0.4]
Bulgogi Curry Rice Bowl: [376.70000000000005, 56.70000000000001, 19.1, 7.5, 59.5, 0.7, 0.1, 4.2, 10.0, 0.3, 39.5, 1.7]
Miso Tofu Soup: [91.0, 4.6, 8.1, 4.6000000000000005, 0.9, 0.0, 0.1, 0.2, 0.30000000000000004, 0.0, 116.0, 1.5]
Vitamin Tomato Salad: [21.3, 4.6000000000000005, 0.8, 0.1, 19.7, 0.0, 0.1, 0.2, 6.5, 0.0, 11.6, 0.30000000000000004]
Cheese Block Cutlet: [209.2, 16.7, 13.4, 10.0, 14.7, 0.6, 0.1, 2.9, 2.8, 0.0, 60.8, 0.8]
Pong Crush Latte: [227.39999999999998, 41.5, 5.5, 4.9, 54.5, 0.0, 0.2, 0.7, 1.9, 0.0, 101.0, 0.6]
Spicy Chicken Soup: [134.4, 4.9, 13.4, 6.8, 77.5, 0.2, 0.2, 2.2, 8.1, 0.0, 62.7, 1.0]
Soy-Braised Egg and Konjac: [114.4, 9.1, 7.6, 5.0, 79.5, 0.0, 0.3, 0.2, 2.3, 0.5, 51.3, 1.2]
Vegetable Bibim Dumplings: [188.8, 26.4, 9.8, 5.3, 78.7, 0.1, 0.1, 0.7, 7.3, 0.0, 46.5, 0.6]
Cubed Radish Kimchi: [14.0, 2.2, 1.1, 0.1, 31.9, 0.0, 0.1, 0.2, 0.7, 0.0, 58.6, 0.3]
Lychee & Gold Kiwi: [48.8, 12.5, 0.7, 0.2, 2.2, 0.0, 0.1, 0.1, 52.2, 0.0, 11.4, 1.0]
Spicy Octopus Rice Bowl: [450.0, 76.8, 24.199999999999996, 4.4, 166.1, 0.30000000000000004, 0.30000000000000004, 2.2, 11.0, 0.0, 91.8, 2.700000000000001]
Garlic Chive Egg Soup: [55.4, 0.7, 5.8999999999999995, 3.0, 35.6, 0.0, 0.1, 0.1, 0.2, 0.3, 85.10000000000001, 1.1]
Seasoned Spinach: [20.400000000000002, 3.2, 1.5, 0.6, 224.8, 0.0, 0.1, 0.2, 23.8, 0.0, 26.400000000000002, 0.7]
Apple, Beet, Carrot Juice: [62.6, 14.0, 1.5, 0.0, 306.6, 0.0, 0.1, 0.3, 4.7, 0.0, 25.1, 0.4]
Monte Cristo Toast: [325.69999999999993, 40.9, 10.799999999999999, 12.7, 37.8, 0.2, 0.2, 1.0, 12.8, 0.3, 68.1, 1.0]
Mixed Ragu Rice Bowl: [418.8, 72.5, 16.4, 5.6, 75.7, 0.30000000000000004, 0.8, 1.9, 7.499999999999999, 0.5, 44.5, 2.2]
Katsuobushi Seaweed Soup: [75.39999999999999, 4.4, 6.800000000000001, 3.6, 4.1000000000000005, 0.0, 0.1, 0.4, 0.30000000000000004, 0.0, 91.2, 1.2]
Romaine and Peach Salad: [120.29999999999998, 14.1, 0.7, 6.9, 34.4, 0.0, 0.0, 0.3, 4.4, 0.0, 15.6, 0.3]
Sweet Chili Pork Cutlet Stick: [123.0, 0.0, 22.2, 3.2, 3.0, 0.9, 0.3, 4.0, 0.3, 0.2, 3.0, 0.8]
Fruit Water Jelly: [50.0, 12.5, 0.0, 0.0, 0.0, 0.0, 0.0, 0.0, 0.0, 0.0, 0.0, 0.0]
Beef Bone Rice Cake Soup: [196.4, 32.0, 6.199999999999999, 4.5, 58.4, 0.1, 0.1, 0.5, 3.2, 0.2, 22.9, 0.8]
Teriyaki Mini Hamburg Steak: [224.1, 9.5, 9.2, 16.6, 5.2, 0.8, 0.1, 1.8, 0.0, 0.0, 17.2, 1.1]
Seasoned Squid Salad: [119.7, 14.7, 9.7, 1.9000000000000004, 91.8, 0.2, 0.1, 0.6, 2.8, 2.6, 29.7, 0.5]
Grilled Flat Dumplings: [98.9, 12.3, 3.3, 4.1, 5.7, 0.0, 0.0, 0.6, 0.1, 0.0, 29.2, 0.4]
Mini Steamed Bun: [106.5, 22.2, 3.0, 0.6, 0.0, 0.0, 0.0, 0.7, 0.0, 0.0, 11.0, 0.5]
Corn Soup: [110.7, 18.9, 1.9, 3.2, 24.5, 2.7, 0.0, 0.4, 1.0, 0, 56.5, 0.4]
Cube Cheese Salad: [69.7, 2.3, 1.0, 6.5, 43.8, 0.0, 0.0, 0.1, 4.9, 0, 15.2, 0.1]
Hamburg Steak: [195.2, 26.6, 7.6, 6.6, 19.4, 0.1, 0.1, 1.2, 1.1, 0, 21.3, 0.8]
Mini Ice Cream Balls: [90.2, 11.2, 2.5, 3.9, 59.0, 0.0, 0.1, 0.0, 0.9, 0, 40.3, 0.0]
Black Bean Sauce: [102.7, 21.0, 2.6, 1.3, 33.8, 0.1, 0.2, 0.8, 7.1, 0, 23.6, 0.6]
Dried Shrimp and Garlic Scape Stir-Fry: [25.0, 3.8, 2.1, 0.2, 5.9, 0.0, 0.0, 0.4, 7.3, 0, 90.9, 0.5]
Bite-Sized Sweet and Sour Dumplings: [192.4, 22.3, 2.3, 10.4, 19.0, 0.0, 0.0, 0.1, 2.9, 0, 6.1, 0.1]
Watermelon: [28.7, 7.3, 0.7, 0.0, 65.8, 0.0, 0.0, 0.3, 0.0, 0, 5.6, 0.2]
Korean Wheat Noodle Soup: [291.7, 48.9, 10.6, 5.5, 68.9, 0.1, 0.2, 0.9, 4.0, 0, 36.8, 1.4]
Seasoned Water Parsley and Bean Sprouts: [20.9, 1.2, 0.8, 1.6, 3.9, 0.0, 0.0, 0.2, 2.8, 0, 13.9, 0.3]
Oven Teriyaki Chicken Skewers: [208.1, 24.9, 10.5, 7.5, 16.7, 0.2, 0.2, 1.6, 0.4, 0.0, 20.0, 6.9]
Cherries: [33.8, 8.5, 0.8, 0.0, 4.5, 0.0, 0.0, 0.1, 0.7, 0, 6.1, 0.1]
Young Radish Bibimbap: [231.7, 42.7, 5.5, 3.8, 64.0, 0.1, 0.1, 1.1, 3.2, 0.0, 50.9, 0.8]
Tofu Soybean Paste Stew: [65.9, 5.2, 6.3, 2.5, 8.5, 0.1, 0.1, 0.5, 3.1, 0.0, 184.2, 1.4]
Spicy Red Pepper Paste Stir-Fry: [82.4, 12.3, 4.0, 2.0, 54.8, 0.2, 0.1, 1.1, 0.9, 0.1, 7.6, 0.4]
Scrambled Eggs: [74.8, 2.2, 6.0, 4.5, 41.3, 0.1, 0.1, 0.5, 4.2, 0.4, 26.1, 0.9]
Roasted Seaweed: [5.4, 1.3, 1.3, 0.1, 0.0, 0.0, 0.1, 0.3, 3.1, 0, 10.7, 0.6]
Choose-Your-Fruit Juice: [50.4, 12.0, 0.0, 0.0, 0.0, 0.0, 0.0, 0.0, 50.7, 0, 0.0, 0.0]
Beef Fried Rice: [265.7, 37.6, 7.2, 8.7, 29.6, 0.1, 0.1, 1.0, 9.6, 0, 18.3, 0.8]
Enoki Mushroom Egg Soup: [31.7, 1.6, 4.2, 1.1, 11.8, 0.0, 0.1, 0.1, 0.9, 0.2, 109.4, 0.9]
Triple Cheese Tteokbokki: [229.8, 35.9, 8.5, 5.7, 57.2, 0.1, 0.1, 0.3, 2.1, 0.2, 103.0, 0.6]
Homemade Yogurt: [79.9, 13.2, 3.2, 1.9, 43.8, 0.0, 0.2, 0.1, 14.7, 0.0, 101.5, 0.1]
Crispy Potato Chips: [58.8, 10.6, 1.0, 1.4, 0.0, 0.0, 0.0, 0.0, 0.0, 0.0, 0.0, 0.0]
Curry Sauce: [145.9, 24.8, 3.5, 4.0, 43.5, 0.2, 0.1, 0.9, 5.5, 0.0, 95.2, 0.9]
Vegetable Bibimbap Dumplings: [166.3, 23.2, 7.0, 5.2, 43.1, 0.0, 0.1, 0.3, 1.4, 0.0, 16.5, 0.3]
Oven Mozzarella Cheese Balls: [74.2, 3.8, 6.6, 3.9, 0.0, 0.0, 0.0, 0.0, 0.4, 0, 55.0, 0.2]
Tangerine: [31.6, 8.1, 0.4, 0.1, 3.2, 0.0, 0.0, 0.3, 24.8, 0, 10.5, 0.1]
Scrambled Fried Rice: [286.5, 41.0, 10.5, 7.9, 53.2, 0.2, 0.1, 1.7, 4.9, 0.3, 22.7, 0.9]
Oven-Cooked Beijing-Style Sweet and Sour Pork: [216.4, 19.6, 7.3, 12.5, 9.0, 0.0, 0.0, 0.0, 0.1, 0.0, 87.1, 0.0]
Seasoned Perilla Leaf Salad: [30.8, 6.2, 1.1, 0.4, 64.9, 0.0, 0.1, 0.3, 0.5, 0.0, 30.2, 0.3]
Hijiki Seaweed and Soybean Sprout Rice: [221.2, 38.7, 9.1, 2.6, 34.3, 0.2, 0.2, 1.9, 2.5, 0.1, 31.6, 1.4]
Miso Soup: [49.8, 3.8, 4.9, 2.0, 1.0, 0.0, 0.1, 0.3, 0.8, 0.0, 102.1, 1.1]
Oven-Fried Chicken: [214.3, 4.8, 18.7, 13.4, 30.5, 0.1, 0.1, 4.8, 0.0, 0.0, 19.6, 1.3]
Shine Muscat Grapes: [38.0, 10.1, 0.2, 0.1, 0.6, 0.0, 0.0, 0.0, 2.7, 0.0, 9.5, 0.1]
Assorted Crispy Chips: [51.0, 7.7, 0.7, 1.9, 0.0, 0.0, 0.0, 0.0, 0.0, 0.0, 0.0, 0.0]
Stir-Fried Muesli and Small Anchovies: [43.3, 3.1, 2.2, 2.4, 0.0, 0.0, 0.0, 0.1, 0.0, 0.7, 30.5, 0.1]
Vita Choco Milk: [109.5, 18.5, 2.7, 2.7, 20.8, 0.0, 0.1, 0.0, 0.0, 0.0, 107.9, 0.8]
Konjac and Fish Cake Soup: [64.5, 9.0, 5.0, 1.4, 10.7, 0.0, 0.0, 0.3, 2.4, 0, 77.5, 0.6]
Steamed Dumplings: [116.0, 13.5, 3.0, 5.5, 5.0, 0.2, 0.0, 0.3, 0.0, 0, 33.4, 1.6]
Kyoho Grapes: [28.5, 7.5, 0.2, 0.1, 0.9, 0.0, 0.0, 0.0, 1.8, 0, 1.9, 0.1]
Spicy Pasta, Cream Pasta: [437.1, 43.9, 21.5, 19.4, 105.4, 0.3, 0.3, 4.6, 18.3, 1, 107.0, 1.9]
Seasoned Chamnamul Greens: [17.5, 1.3, 0.6, 1.2, 32.9, 0.0, 0.0, 0.2, 2.0, 0, 21.8, 0.5]
Oven Cheese Hot Dog: [146.7, 18.0, 5.3, 6.0, 0.0, 0.0, 0.1, 0.5, 3.3, 0, 66.7, 0.3]
Stir-Fried Bok Choy and Bean Sprouts: [25.2, 2.3, 0.8, 1.4, 21.6, 0.0, 0.1, 0.2, 4.7, 0, 21.4, 0.2]
Assorted Cutlets: [145.0, 18.6, 2.1, 7.1, 12.4, 0.0, 0.1, 0.3, 2.0, 0, 31.6, 4.9]
Banana Homemade Yogurt: [60.6, 8.7, 3.1, 1.9, 41.8, 0.0, 0.1, 0.1, 2.3, 0, 98.1, 0.1]
Potato and Zucchini Soup: [49.9, 8.7, 3.8, 0.3, 21.1, 0.0, 0.0, 0.5, 5.6, 0, 147.9, 1.0]
Seasoned Chicory with Citron Sauce: [16.6, 4.0, 0.2, 0.0, 15.3, 0.0, 0.0, 0.1, 0.4, 0, 9.1, 0.2]
Homemade Half-and-Half Boneless Chicken: [415.4, 58.0, 14.1, 13.4, 42.7, 0.2, 0.2, 3.2, 2.3, 0, 35.3, 0.8]
Kimbap Fried Rice: [247.4, 37.6, 6.5, 7.1, 58.5, 0.1, 0.1, 1.0, 6.9, 0.0, 39.6, 0.7]
Egg and Spring Onion Soup: [20.6, 1.6, 1.6, 1.0, 12.4, 0.0, 0.1, 0.1, 0.7, 0.1, 17.9, 0.4]
Stir-Fried Dried Vegetables and Small Anchovies: [49.8, 2.6, 3.2, 3.1, 0.0, 0.0, 0.1, 0.4, 0.1, 0.9, 46.1, 0.2]
Half-and-Half Pork Cutlet: [238.5, 15.5, 6.4, 17.1, 8.8, 0.2, 0.1, 1.4, 2.2, 0.0, 26.9, 0.6]
Mandarin Orange Fruit Pudding: [48.3, 10.1, 0.0, 0.8, 0.0, 0.0, 0.0, 0.0, 0.0, 0.0, 0.0, 0.0]
Black Bean Noodles: [218.3, 28.7, 6.9, 9.0, 30.1, 0.1, 0.2, 1.1, 4.5, 0.1, 29.5, 0.7]
Spicy Seafood Noodles: [160.3, 19.5, 14.4, 3.0, 11.6, 0.1, 0.1, 0.9, 3.6, 0.8, 197.8, 1.8]
Bite-Sized Pickled Radish: [3.5, 0.7, 0.1, 0.0, 0.0, 0.0, 0.0, 0.0, 5.3, 0.0, 6.0, 0.0]
Yogurt: [36.3, 8.9, 0.8, 0.0, 0.0, 0.0, 0.1, 0.0, 0.4, 0.0, 28.2, 0.0]
Kimchi Fried Rice: [220.2, 44.2, 4.5, 2.1, 60.4, 0.1, 0.1, 0.9, 4.6, 0, 35.5, 0.6]
Amaranth and Potato Soup: [37.6, 5.0, 3.8, 0.5, 31.5, 0.1, 0.1, 0.4, 3.5, 0, 126.0, 0.9]
Flat Dumplings: [128.7, 16.2, 3.9, 5.1, 1.1, 0.0, 0.1, 0.1, 1.9, 0, 4.6, 0.2]
Homemade Heart-Shaped Pizza: [127.1, 14.8, 6.5, 5.2, 23.7, 0.0, 0.4, 0.3, 2.2, 0, 82.2, 1.0]
Dried Radish Kimchi: [41.3, 7.9, 2.1, 0.4, 15.2, 0.0, 0.1, 0.4, 2.1, 0, 22.3, 0.4]
Squid Soup: [48.9, 3.0, 7.4, 0.6, 6.7, 0.0, 0.0, 0.2, 2.6, 1.7, 76.1, 0.6]
Seasoned Crown Daisy with Tofu: [74.6, 2.7, 5.2, 5.0, 33.6, 0.0, 0.1, 0.2, 2.5, 0.0, 55.0, 1.1]
Kimchi Spaghetti: [159.3, 21.5, 6.5, 5.4, 47.6, 0.1, 0.1, 1.3, 6.4, 0.0, 45.3, 0.9]
Perilla Leaf Kimchi: [17.9, 3.9, 0.8, 0.1, 95.6, 0.0, 0.1, 0.1, 0.6, 0.0, 41.3, 0.3]
Garlic Bread: [35.0, 4.2, 0.8, 1.7, 1.3, 0.0, 0.0, 0.4, 0.0, 0.0, 2.7, 0.3]
Soybean Powder and Napa Cabbage Soup: [34.7, 3.5, 3.8, 1.0, 41.4, 0.0, 0.1, 0.3, 8.3, 0, 129.1, 1.0]
Glutinous Rice-Coated Soybean and Anchovy Stir-Fry: [73.6, 6.6, 5.9, 2.7, 0.1, 0.0, 0.1, 0.5, 0.2, 0, 58.6, 1.1]
Chicken Sweet and Sour: [123.8, 15.1, 13.6, 0.6, 16.0, 0.1, 0.1, 5.9, 5.0, 0, 12.0, 0.3]
Korean Melon: [26.2, 6.1, 0.9, 0.2, 0.6, 0.0, 0.0, 0.1, 11.7, 0, 3.3, 0.1]
Freshwater Snail Soup: [57.2, 5.7, 5.1, 1.9, 37.9, 0.1, 0.1, 0.4, 7.6, 0, 162.5, 1.1]
Stir-Fried Cucumber and Beef: [52.0, 1.8, 5.8, 2.2, 1.9, 0.0, 0.1, 0.7, 1.9, 0, 8.4, 0.7]
Butter-Grilled Flounder: [116.5, 2.9, 12.6, 4.9, 23.9, 0.1, 0.2, 2.5, 3.8, 0, 40.7, 0.7]
Drinkable Salad: [50.0, 13.0, 0.0, 0.0, 36.0, 0.0, 0.0, 0.0, 28.5, 0, 8.0, 1.2]
Dried Pollack Soup: [81.8, 3.4, 8.6, 4.0, 1.8, 0.1, 0.1, 0.3, 1.9, 0, 111.2, 1.3]
Glazed Nuts and Seeds: [143.4, 7.5, 4.2, 11.6, 0.2, 0.0, 0.2, 1.0, 0.0, 0, 41.9, 0.7]
Cheese Dakgalbi: [128.5, 15.2, 12.2, 2.0, 61.6, 0.2, 0.2, 1.8, 4.1, 0, 41.9, 0.9]
Apple: [26.9, 6.5, 0.1, 0.4, 0.5, 0.0, 0.0, 0.2, 0.7, 0, 1.9, 0.0]
Soft Tofu Soup: [60.3, 3.1, 5.2, 3.0, 5.4, 0.2, 0.0, 0.5, 2.3, 0.0, 86.8, 1.0]
Caprese Salad: [68.6, 3.3, 3.3, 4.8, 46.4, 0.0, 0.0, 0.2, 7.1, 0.0, 64.5, 0.2]
Stir-Fried Sundae and Squid: [151.5, 20.9, 8.2, 3.4, 49.0, 0.1, 0.1, 0.6, 2.3, 1.9, 27.9, 1.5]
Chicken Rib Dish: [94.0, 4.8, 7.7, 4.5, 28.1, 0.1, 0.1, 1.5, 3.4, 0.1, 11.0, 0.5]
Short Rib Soup: [163.9, 15.1, 9.2, 6.9, 13.1, 0.0, 0.1, 0.6, 2.1, 0.1, 28.3, 2.1]
Fried Burdock Glazed in Sweet Sauce: [58.9, 12.0, 1.6, 0.6, 0.0, 0.0, 0.1, 0.1, 0.3, 0.0, 22.2, 0.4]
Seasoned Spicy Red Pollack and Deodeok Root: [50.9, 7.1, 3.7, 0.9, 18.2, 0.0, 0.0, 0.2, 0.8, 0.0, 9.4, 0.2]
Orange: [31.8, 8.0, 0.6, 0.1, 0.7, 0.1, 0.0, 0.2, 34.2, 0.0, 24.4, 0.1]
Pumpkin Leaf Soybean Paste Stew: [85.4, 6.7, 7.6, 3.8, 118.4, 0.1, 0.3, 0.5, 4.7, 0, 179.3, 2.0]
Steamed Cabbage: [24.5, 4.3, 1.1, 0.7, 7.0, 0.0, 0.0, 0.3, 9.0, 0, 24.1, 0.2]
Beef Bulgogi: [101.5, 5.9, 10.7, 3.7, 10.8, 0.1, 0.1, 1.6, 3.1, 0, 13.6, 1.3]
Pear: [26.5, 7.2, 0.2, 0.0, 0.0, 0.0, 0.0, 0.1, 1.6, 0, 0.6, 0.0]
Kimchi Stir-Fried Chicken: [94.8, 7.6, 12.2, 1.4, 58.9, 0.2, 0.2, 1.7, 3.2, 0.0, 29.4, 0.9]
Cream Spaghetti: [194.5, 17.8, 6.2, 11.0, 43.8, 0.1, 0.1, 1.4, 15.4, 0.1, 51.6, 0.4]
Fermented Soybean Paste Stew: [84.4, 6.1, 7.5, 3.8, 7.5, 0.1, 0.2, 0.4, 3.1, 0.0, 111.5, 1.6]
Oven-Baked Teriyaki Pork Belly with Mushrooms: [238.8, 6.3, 8.3, 19.5, 11.8, 0.3, 0.2, 2.0, 0.5, 0.4, 6.0, 0.4]
Wind Rice Cake: [48.1, 10.6, 1.1, 0.2, 0.2, 0.0, 0.0, 0.1, 0.0, 0.0, 5.6, 0.4]
Lettuce and Cucumber: [29.1, 4.9, 1.1, 0.8, 44.0, 0.0, 0.1, 0.2, 3.0, 0.0, 24.7, 0.7]
Seaweed Soup with Clam Meat: [24.3, 1.7, 3.3, 0.9, 12.4, 0.0, 0.0, 0.3, 0.3, 0.0, 99.2, 1.0]
Stir-Fried Glass Noodles with Mushrooms: [97.9, 15.7, 3.3, 2.6, 96.6, 0.1, 0.1, 1.1, 7.3, 0.1, 25.9, 1.0]
Ham and Egg Pancake: [113.0, 2.7, 7.3, 8.0, 20.4, 0.1, 0.1, 0.8, 13.4, 0.2, 16.2, 0.6]
Black Milk: [65.0, 5.5, 3.1, 3.3, 55.0, 0.0, 0.2, 0.3, 0.8, 0.0, 113.0, 0.1]
Birthday Cake: [93.9, 11.1, 1.2, 5.0, 15.5, 0.0, 0.0, 0.0, 0.0, 0.0, 12.2, 0.6]
Beef Soup with Dried Radish Greens: [91.1, 5.2, 6.7, 5.1, 39.9, 0.1, 0.1, 0.8, 2.2, 0.0, 112.6, 1.5]
Braised Sweet and Salty Anchovies and Nuts: [50.4, 5.7, 5.0, 0.7, 6.7, 0.0, 0.0, 0.2, 0.0, 0.0, 5.1, 0.1]
Steamed Crab Stick and Pollack Roe: [85.1, 4.0, 6.7, 4.4, 80.6, 0.0, 0.2, 0.2, 1.0, 0.4, 81.0, 0.8]
Curry-Flavored Flounder Fry: [128.8, 7.4, 14.7, 2.9, 5.2, 0.1, 0.2, 2.8, 1.3, 0.0, 31.0, 0.5]
Beef Hangover Soup: [60.7, 2.5, 4.1, 3.6, 8.7, 0.0, 0.1, 0.6, 3.3, 0.0, 11.4, 0.5]
Braised Tofu: [81.9, 4.1, 5.3, 5.1, 9.6, 0.0, 0.2, 0.3, 1.6, 0.0, 44.7, 1.1]
Vegetable Egg Roll: [61.8, 0.8, 5.3, 3.9, 64.1, 0.0, 0.1, 0.1, 0.7, 0.4, 21.6, 0.8]
Banana: [23.4, 6.1, 0.3, 0.1, 0.6, 0.0, 0.0, 0.1, 2.0, 0.0, 1.8, 0.1]
Radish Stir-Fry Soup: [68.6, 1.9, 4.8, 4.4, 15.6, 0.0, 0.1, 0.5, 2.3, 0.1, 18.1, 0.7]
Seasoned Bean Sprouts: [19.8, 1.4, 1.1, 1.3, 1.6, 0.0, 0.0, 0.3, 3.9, 0.0, 17.0, 0.2]
Stir-Fried Squid and Pork Belly: [181.6, 6.0, 12.5, 10.8, 30.0, 0.2, 0.2, 0.8, 2.6, 0.2, 13.0, 0.3]
Orange Juice: [50.4, 12.6, 0.0, 0.0, 0.9, 0.0, 0.0, 0.1, 46.3, 0.0, 19.8, 0.1]
Beef and Seaweed Soup: [65.7, 1.8, 5.9, 4.1, 13.1, 0.0, 0.1, 0.7, 0.4, 0.0, 110.4, 1.0]
Seasoned Glass Noodles with Vegetables: [71.0, 5.1, 3.5, 3.7, 28.7, 0.0, 0.1, 0.4, 1.4, 0.2, 16.3, 0.7]
Spicy Stir-Fried Octopus: [143.5, 15.7, 14.9, 1.3, 34.4, 0.1, 0.1, 0.2, 1.9, 0.0, 35.5, 1.5]
Tiramisu Mousse Cake: [83.4, 9.9, 1.0, 4.4, 13.8, 0.0, 0.0, 0.0, 0.0, 0.0, 10.8, 0.5]
Beef Soup: [68.4, 3.0, 4.9, 4.1, 8.3, 0.0, 0.1, 0.8, 2.6, 0.0, 14.7, 0.6]
Tomato and Egg Stir-Fry: [79.4, 2.3, 5.2, 5.3, 54.0, 0.0, 0.1, 0.1, 3.5, 0.4, 20.8, 0.8]
Sweet and Spicy Fried Chicken: [222.8, 23.3, 14.8, 7.2, 18.8, 0.1, 0.0, 3.0, 0.1, 0.0, 9.6, 0.6]
Mugwort Rice Cake: [144.2, 31.0, 2.7, 0.4, 0.0, 0.0, 0.0, 0.4, 0.0, 0.0, 3.0, 0.1]
Tofu Spicy Red Pepper Paste Stew: [91.5, 6.8, 6.8, 4.2, 21.9, 0.1, 0.1, 0.6, 3.3, 0, 84.3, 1.3]
Braised Pork Ribs: [265.1, 6.0, 18.5, 17.1, 11.4, 0.4, 0.2, 5.6, 2.6, 0.8, 21.4, 0.8]
Stir-Fried Bean Sprouts and Radish: [27.2, 2.3, 1.8, 1.2, 0.3, 0.0, 0.1, 0.3, 2.2, 0.0, 25.4, 0.3]
Grape-Flavored Water Jelly: [50.0, 12.5, 0.0, 0.0, 0.0, 0.0, 0.0, 0.0, 0.0, 0.0, 0.0, 0.0]
Spicy Soft Tofu Soup with Seafood: [117.4, 4.3, 14.7, 3.8, 6.0, 0.2, 0.1, 1.0, 2.6, 0.1, 102.0, 1.7]
Boneless Dakgalbi: [194.4, 19.5, 15.2, 5.8, 52.1, 0.2, 0.1, 3.2, 3.3, 0, 21.2, 0.7]
Pumpkin Pancake: [37.2, 4.2, 2.1, 1.3, 20.2, 0.0, 0.1, 0.1, 0.9, 0.1, 10.2, 0.3]
Liquid Yogurt: [45.0, 11.0, 1.0, 0.0, 0.0, 0.0, 0.1, 0.0, 0.5, 0.0, 35.0, 0.0]
White and Chocolate Brownie: [58.5, 13.4, 0.9, 0.1, 0.0, 0.0, 0.0, 0.1, 0.0, 0.0, 2.7, 0.0]
Grilled Eggplant: [54.4, 8.4, 1.6, 1.6, 3.5, 0.0, 0.2, 0.2, 0.0, 0, 10.1, 0.2]
German-Style Potato Pancake with Ketchup: [108.3, 18.5, 3.3, 2.3, 5.9, 0.1, 0.1, 0.5, 11.0, 0, 11.3, 0.4]
Bead Ice Cream: [90.9, 11.3, 2.5, 4.0, 59.4, 0.0, 0.1, 0.0, 0.9, 0, 40.6, 0.0]
Dumpling Soup: [126.0, 14.6, 6.3, 4.7, 43.4, 0.2, 0.1, 0.5, 1.1, 0.1, 135.0, 2.3]
Seasoned Acorn Jelly: [34.7, 5.1, 0.7, 1.3, 10.5, 0.0, 0.0, 0.2, 2.4, 0.0, 16.1, 0.3]
Soy Sauce Bulgogi from Bukseong-ro: [162.4, 5.1, 14.0, 8.7, 8.3, 0.4, 0.2, 3.0, 0.7, 0.5, 6.3, 0.6]
Rice Cake Soup with Miniature Dumplings: [144.7, 25.6, 5.9, 2.1, 11.3, 0.0, 0.1, 0.3, 0.7, 0.1, 50.6, 0.7]
Braised Potatoes and Mushrooms: [31.4, 6.7, 1.4, 0.2, 0.4, 0.0, 0.1, 0.5, 3.9, 0.0, 6.3, 0.3]
Crunchy Shrimp: [184.7, 24.2, 4.0, 8.0, 0.0, 0.0, 0.0, 0.4, 0.0, 0.0, 45.9, 0.3]
Autumn Leaf Rice Cake: [110.3, 24.1, 1.8, 0.2, 0.0, 0.0, 0.0, 0.2, 0.0, 0.0, 2.7, 0.0]
Rice Cake Dumpling Soup: [148.4, 24.7, 5.2, 3.1, 14.5, 0.0, 0.0, 0.1, 0.7, 0.1, 55.2, 0.5]
Seasoned Crown Daisy with Tofu: [27.5, 1.4, 1.5, 1.9, 59.4, 0.0, 0.1, 0.1, 3.6, 0.0, 42.3, 0.4]
Homemade Fish Cake Squid Ball: [87.0, 5.9, 7.5, 3.3, 28.9, 0.0, 0.0, 0.3, 0.3, 1.0, 22.4, 0.4]
Stick Jelly: [15.6, 3.8, 0.0, 0.0, 0.0, 0.0, 0.0, 0.0, 0.0, 0.0, 0.0, 0.0]
Potato Stew: [77.7, 7.0, 4.2, 3.8, 11.2, 0.1, 0.1, 0.4, 4.1, 0.1, 71.6, 0.8]
Steamed Egg: [77.4, 1.9, 6.5, 4.6, 82.7, 0.0, 0.2, 0.1, 1.1, 0.4, 70.0, 1.0]
Stir-Fried Glass Noodles with Beef: [95.4, 14.4, 3.1, 2.8, 36.6, 0.0, 0.1, 0.6, 1.0, 0.0, 22.6, 1.2]
Potato Dough Soup: [128.1, 19.6, 6.8, 3.0, 3.0, 0.0, 0.0, 0.7, 1.7, 0, 99.2, 0.8]
Chive Pancake: [77.5, 12.5, 2.3, 1.9, 30.4, 0.0, 0.1, 0.2, 2.3, 0, 11.3, 0.6]
Beef Bone Soup: [130.0, 12.4, 11.2, 3.4, 2.2, 0.0, 0.0, 1.0, 0.6, 0, 18.5, 2.2]
Seasoned Lettuce Salad: [19.5, 2.6, 0.6, 0.8, 37.6, 0.0, 0.1, 0.2, 11.1, 0, 21.6, 0.4]
Stir-fried Blood Sausage and Squid: [204.7, 34.7, 6.7, 4.3, 88.7, 0.2, 0.1, 0.9, 5.5, 1, 36.7, 1.9]
Teriyaki Spanish Mackerel: [162.7, 14.5, 15.2, 3.3, 0.9, 0.1, 0.2, 0.2, 0.4, 0, 13.4, 0.4]
Beef Seaweed Soup: [42.2, 1.7, 3.0, 2.9, 12.3, 0.0, 0.0, 0.4, 0.1, 0.0, 31.6, 0.5]
Mapo Tofu: [186.3, 12.9, 12.2, 9.5, 28.9, 0.2, 0.2, 2.8, 4.2, 0.2, 56.4, 1.6]
Steamed Broccoli with Vinegar Chili Sauce: [53.3, 11.9, 1.4, 0.4, 35.6, 0.1, 0.1, 0.4, 6.4, 0.0, 15.5, 0.4]
Grilled Short Rib Patties with Steak Sauce: [231.2, 29.4, 9.7, 8.3, 23.1, 0.1, 0.1, 1.4, 10.4, 0.0, 32.7, 1.0]
Short Rib Kimchi Stew: [162.4, 4.7, 14.4, 9.1, 17.1, 0.4, 0.2, 2.4, 4.1, 0.2, 107.0, 1.3]
Apple and Chicory Salad: [27.5, 5.8, 0.3, 0.6, 11.3, 0.0, 0.0, 0.2, 0.4, 0.0, 8.9, 0.2]
Homemade Eggplant Garlic Steak: [283.4, 32.8, 13.2, 11.2, 52.0, 0.1, 0.1, 1.9, 2.0, 0.0, 98.1, 1.1]
Chestnut Sweet Bean Jelly: [119.2, 29.4, 1.3, 0.1, 0.0, 0.0, 0.1, 0.0, 0.0, 0.0, 7.2, 0.3]
Boneless Pork and Potato Stew: [178.1, 6.8, 14.8, 9.7, 57.7, 0.5, 0.3, 2.5, 8.1, 0.2, 73.1, 1.1]
Smoked Pork Mustard Salad: [385.8, 7.4, 32.5, 23.5, 26.7, 0.9, 0.6, 5.2, 7.8, 1.0, 46.7, 2.1]
Corn Cheese Potato Pancake: [131.7, 17.1, 1.6, 7.0, 0.0, 0.1, 0.0, 1.4, 4.0, 0.0, 10.2, 0.3]
Chocolate Angelica Leaf Rice Cake: [144.2, 31.0, 2.7, 0.4, 0.0, 0.0, 0.0, 0.4, 0.0, 0.0, 3.0, 0.1]
Seaweed Soup with Potato Dumplings: [65.5, 11.9, 3.1, 0.8, 6.7, 0.0, 0.0, 0.2, 3.4, 0.0, 87.9, 0.7]
Seasoned Perilla Leaves: [15.8, 2.0, 1.1, 0.6, 131.2, 0.1, 0.1, 0.1, 0.6, 0.0, 63.8, 0.4]
Stir-fried Glass Noodles with Garlic Chives: [197.4, 34.6, 3.1, 4.9, 20.7, 0.1, 0.2, 0.9, 3.4, 0.1, 42.0, 1.8]
Spicy Baked Chicken Wings: [257.1, 17.1, 17.0, 12.3, 55.6, 0.1, 0.1, 5.1, 2.0, 0.0, 28.4, 0.9]
Swiss Chard and Potato Soup: [55.9, 8.2, 4.4, 0.9, 40.2, 0.1, 0.1, 0.4, 6.5, 0.0, 95.0, 1.0]
Spinach Frittata: [152.0, 7.4, 9.2, 9.1, 111.9, 0.1, 0.2, 0.3, 5.9, 0.5, 86.6, 1.1]
Fruit Cocktail Salad: [64.8, 16.3, 0.2, 0.1, 2.6, 0.0, 0.1, 0.1, 10.0, 0.0, 5.1, 0.2]
Stir-fried Pork with Kimchi: [202.6, 10.9, 20.2, 7.9, 56.9, 0.5, 0.2, 5.2, 4.0, 0.6, 38.3, 1.1]
Squid and Radish Soup: [54.3, 3.5, 8.0, 0.7, 10.4, 0.1, 0.1, 0.3, 3.2, 1.5, 92.7, 0.8]
Chicory with Citron Dressing: [13.3, 3.1, 0.3, 0.0, 29.0, 0.0, 0.0, 0.1, 6.6, 0.0, 12.4, 0.2]
Oil-fried Rice Cakes: [278.1, 47.5, 7.3, 6.7, 43.8, 0.1, 0.0, 1.0, 4.8, 0.0, 27.8, 0.7]
Stir-fried Smoked Duck with Honey Mustard: [271.5, 8.5, 13.8, 20.6, 19.8, 0.2, 0.3, 13.3, 143.2, 0.1, 24.3, 1.9]
Pork Kimchi Stew: [77.9, 5.0, 8.0, 2.8, 17.8, 0.1, 0.1, 1.3, 2.5, 0.2, 109.5, 1.1]
Bell Pepper Stir-fried Glass Noodles: [149.8, 27.7, 1.5, 3.7, 64.5, 0.0, 0.2, 0.6, 14.7, 0.0, 36.1, 1.5]
Creamy Chicken Oven Roast: [211.8, 0.2, 20.6, 13.1, 45.3, 0.2, 0.1, 5.0, 0.0, 0.0, 10.0, 0.6]
Water-based Kimchi: [3.6, 0.6, 0.2, 0.0, 7.6, 0.0, 0.0, 0.1, 1.8, 0.0, 6.1, 0.1]
Mandarin Orange: [29.6, 7.6, 0.4, 0.1, 3.0, 0.1, 0.0, 0.3, 23.3, 0.0, 9.9, 0.1]
Aged Soybean Paste with Tofu: [108.4, 4.6, 9.1, 5.7, 8.3, 0.5, 0.1, 0.9, 2.0, 0.0, 117.1, 1.7]
Sea Breeze Pollack Stew: [165.9, 11.9, 15.1, 5.7, 3.9, 0.4, 0.1, 3.7, 1.8, 0.5, 16.9, 1.1]
Steamed Yellow Pumpkin: [19.8, 2.7, 1.2, 0.5, 10.2, 0.0, 0.0, 0.2, 0.7, 0.0, 16.2, 0.3]
Brown Butter Sushi: [160.7, 28.4, 4.3, 3.3, 39.8, 0.1, 0.3, 0.6, 12.1, 0.0, 17.4, 0.5]
Black Tea Mustard Greens: [12.4, 2.4, 0.6, 0.1, 6.7, 0.0, 0.0, 0.2, 0.5, 0.0, 12.7, 0.2]
Jeonju-style Soybean Sprout Soup: [51.0, 3.0, 7.5, 0.6, 8.5, 0.1, 0.1, 0.3, 3.3, 1.3, 110.0, 0.9]
Cheesy Braised Chicken: [278.6, 29.6, 26.8, 4.9, 88.3, 0.2, 0.4, 3.1, 4.0, 0.0, 82.8, 2.2]
Seasoned Bok Choy Salad: [19.5, 2.9, 0.7, 0.7, 19.8, 0.0, 0.0, 0.1, 4.9, 0.0, 28.9, 0.2]
Sweet and Spicy Tofu Rice Cakes: [228.6, 34.6, 4.1, 8.3, 14.4, 0.1, 0.1, 0.2, 0.7, 0.0, 30.7, 0.6]
Sliced Pear: [15.3, 4.1, 0.1, 0.0, 0.0, 0.0, 0.0, 0.0, 0.9, 0.0, 0.3, 0.0]
Perilla Seaweed Soup: [29.6, 1.7, 3.1, 1.5, 10.1, 0.0, 0.0, 0.2, 0.0, 0.0, 100.2, 0.7]
Seasoned Squid Salad: [60.5, 6.6, 6.2, 0.8, 22.7, 0.0, 0.1, 0.3, 3.2, 1.8, 10.2, 0.3]
Spicy Pork Bulgogi: [318.7, 21.6, 23.9, 14.4, 94.2, 0.7, 0.3, 6.2, 3.3, 0.7, 24.3, 1.2]
Folded Waffle: [300.3, 35.1, 5.9, 15.6, 334.7, 0.3, 0.4, 4.4, 0.0, 0.1, 278.5, 49.9]
Soybean Paste Noodle Soup: [121.2, 19.4, 6.4, 2.0, 12.0, 0.1, 0.1, 0.4, 3.6, 0, 98.4, 1.1]
Seasoned Spinach: [16.0, 1.5, 0.8, 1.0, 97.9, 0.0, 0.1, 0.1, 10.3, 0, 20.8, 0.4]
Korean Beef Bulgogi: [288.1, 12.6, 22.5, 15.4, 22.6, 0.1, 0.3, 3.1, 4.9, 0, 15.4, 2.9]
Sticky Rice Lotus Root Snacks: [142.5, 26.1, 2.2, 3.0, 0.0, 0.0, 0.1, 0.2, 9.9, 0, 21.4, 0.5]
Spicy Soft Tofu Stew: [95.3, 3.3, 8.1, 5.3, 10.2, 0.3, 0.1, 1.1, 1.7, 0.1, 97.7, 1.2]
Glazed Spanish Mackerel: [165.2, 16.4, 14.5, 3.2, 0.9, 0.1, 0.1, 0.1, 0.4, 0.0, 12.4, 0.3]
Stir-fried Enoki Mushrooms: [5.9, 1.3, 1.1, 0.0, 10.3, 0.0, 0.1, 0.3, 0.5, 0.0, 2.3, 0.3]
Crispy Chicken Nuggets: [208.3, 12.5, 8.0, 14.1, 1.0, 0.2, 0.0, 0.8, 2.0, 0.0, 7.9, 0.4]
Pork Belly Soybean Paste Stew: [134.4, 6.4, 7.6, 8.9, 16.6, 0.2, 0.2, 1.1, 4.3, 0.1, 99.2, 1.2]
Braised Quail Eggs in Soy Sauce: [216.5, 12.0, 21.5, 8.1, 70.1, 0.6, 0.4, 4.6, 4.3, 1.2, 40.9, 1.7]
Stir-fried Shredded Potatoes: [47.6, 8.6, 1.2, 1.1, 21.1, 0.0, 0.0, 0.3, 6.9, 0.0, 7.6, 0.4]
Fried Crab Sticks: [152.8, 16.6, 3.7, 7.9, 0.0, 0.0, 0.0, 0.4, 0.0, 0.0, 44.9, 0.3]
Fresh Tomato Honey Pickle: [31.7, 7.8, 0.9, 0.2, 29.0, 0.0, 0.1, 0.3, 12.8, 0.0, 8.3, 0.2]
Spicy Seafood Noodle Soup: [114.8, 7.0, 11.9, 4.0, 44.9, 0.2, 0.1, 1.5, 8.1, 0.1, 99.6, 1.3]
Seasoned Bean Sprouts: [14.2, 1.2, 0.8, 0.8, 3.7, 0.0, 0.0, 0.2, 2.4, 0.0, 10.1, 0.2]
Spicy Stir-fried Chicken: [274.1, 32.0, 29.6, 2.6, 112.5, 0.4, 0.3, 13.2, 5.2, 0.0, 30.5, 1.0]
Choco Chip Twist Pie: [78.8, 12.1, 6.7, 1.5, 0.0, 0.0, 0.0, 0.0, 0.0, 0.0, 72.0, 0.6]
Charcoal-Grilled Chicken Rice Bowl: [612.2, 75.6, 50.3, 10.7, 404.1, 0.7, 0.7, 16.2, 11.8, 2, 338.2, 4.9]
Tofu Soup: [48.6, 3.3, 4.6, 2.2, 0.7, 0.1, 0.1, 0.4, 1.5, 0, 93.2, 1.0]
Seasoned Napa Cabbage: [31.0, 6.1, 1.2, 0.5, 20.7, 0.0, 0.1, 0.5, 7.3, 0, 28.1, 0.4]
Takoyaki: [213.2, 15.9, 8.0, 13.1, 5.3, 0.0, 0.0, 0.2, 0.0, 0, 2.6, 0.1]
Peach-Flavored Water Jelly: [50.0, 12.5, 0.0, 0.0, 0.0, 0.0, 0.0, 0.0, 0.0, 0, 0.0, 0.0]
Potato Dough Soup: [117.7, 23.1, 4.5, 1.0, 23.0, 0.0, 0.0, 0.3, 3.8, 0.0, 78.7, 0.6]
Crunchy Pepper with Soybean Paste: [35.7, 4.2, 1.2, 1.7, 7.2, 0.1, 0.1, 0.3, 17.4, 0.0, 13.1, 0.3]
Stir-fried Enoki Mushrooms: [58.5, 2.8, 1.5, 5.0, 8.8, 0.0, 0.1, 0.4, 2.8, 0.0, 14.4, 0.5]
Stir-fried Thinly Sliced Pork Belly with Kimchi: [292.6, 16.7, 16.4, 16.9, 85.6, 0.5, 0.3, 3.6, 7.6, 0.5, 54.4, 1.2]
Pineapple-Flavored Drink: [43.0, 11.5, 0.4, 0.0, 1.0, 0.0, 0.1, 0.0, 19.6, 0.0, 16.0, 0.1]
Chicken Soup: [128.2, 2.7, 13.6, 6.6, 32.3, 0.2, 0.1, 1.8, 3.5, 0.0, 86.4, 1.1]
Sweet and Spicy Shrimp: [79.6, 0.6, 14.9, 0.6, 0.0, 0.0, 0.0, 0.0, 0.0, 0.0, 34.6, 0.6]
Spicy Pork Bulgogi: [266.4, 18.7, 26.5, 8.8, 104.0, 0.8, 0.3, 7.0, 6.3, 0.7, 27.2, 1.4]
Angelica Leaf Rice Cake with Red Bean Paste: [100.2, 21.5, 2.0, 0.7, 0.0, 0.0, 0.0, 0.2, 0.0, 0.0, 4.9, 0.2]
Lettuce with Ssamjang: [40.9, 5.0, 1.8, 1.7, 60.6, 0.1, 0.1, 0.3, 1.0, 0.0, 33.8, 1.0]
Potato Red Pepper Paste Stew: [103.9, 10.6, 8.2, 3.3, 18.0, 0.2, 0.1, 1.2, 5.6, 0.1, 98.6, 1.2]
Steamed Cabbage Wrap with Sauce: [34.9, 6.0, 1.7, 0.8, 11.4, 0.0, 0.1, 0.5, 1.1, 0.0, 32.7, 0.4]
Seasoned Chamnamul: [22.1, 1.5, 0.8, 1.6, 33.0, 0.0, 0.0, 0.2, 1.0, 0.0, 30.2, 0.6]
Stir-fried Smoked Duck with Udon: [252.7, 21.4, 14.7, 12.1, 25.9, 0.2, 0.4, 12.6, 140.7, 0.0, 34.5, 2.2]
Hot Dog with Ketchup: [211.5, 22.0, 5.5, 11.3, 5.2, 0.0, 0.1, 0.6, 4.6, 0.0, 69.4, 0.3]
Bulgogi Cream Risotto: [472.5, 68.5, 16.1, 14.1, 37.2, 0.5, 0.2, 5.2, 7.5, 0.3, 41.2, 0.9]
Mixed Vegetable Dumplings: [251.0, 37.0, 5.4, 9.4, 100.2, 0.3, 0.2, 3.2, 7.3, 0.0, 71.9, 11.9]
Pork Kimchi Stew: [105.9, 6.5, 9.3, 4.7, 27.6, 0.2, 0.2, 1.8, 3.5, 0.2, 111.2, 1.3]
Stir-fried Anchovies with Almonds: [52.7, 3.3, 4.6, 2.4, 0.6, 0.0, 0.1, 0.3, 0.8, 0.1, 67.2, 0.2]
Cherries: [29.7, 7.5, 0.7, 0.0, 4.0, 0.0, 0.0, 0.1, 0.6, 0.0, 5.3, 0.2]
Spicy Beef Soup: [89.6, 4.7, 6.7, 5.0, 50.4, 0.1, 0.2, 1.0, 9.9, 0.0, 159.2, 1.2]
Vegetables with Citron Dressing: [30.9, 4.2, 0.8, 1.4, 31.3, 0.0, 0.1, 0.2, 7.6, 0.0, 19.2, 0.4]
Spicy Oven-Baked Chicken Drumsticks: [265.4, 18.5, 18.9, 12.0, 100.6, 0.2, 0.3, 4.7, 1.6, 0.0, 18.6, 1.0]
Steamed Vegetable Egg: [96.5, 2.1, 8.7, 5.4, 113.3, 0.1, 0.2, 1.1, 1.1, 0.7, 35.4, 1.4]
Dried Pollack and Soybean Sprout Soup: [51.5, 3.0, 7.5, 1.0, 1.0, 0.1, 0.1, 0.5, 2.6, 0.0, 106.6, 0.7]
Smoked Pork and Vegetable Stew: [329.8, 5.7, 19.3, 25.4, 34.6, 0.3, 0.4, 2.5, 11.4, 0.3, 26.9, 1.3]
Seasoned Acorn Jelly Salad: [51.0, 8.9, 1.3, 1.4, 24.7, 0.0, 0.1, 0.3, 2.2, 0.0, 20.2, 0.4]
Sweet Potato Roll Cutlet with Sauce: [229.5, 16.6, 4.9, 16.0, 31.7, 0.3, 0.1, 1.4, 2.5, 0.2, 24.8, 1.0]
Spicy cold noodles with vegetables: [172.5, 34.1, 5.1, 1.4, 60.1, 0.1, 0.1, 1.2, 3.9, 0.0, 35.1, 0.6]
Fish cake soup: [64.6, 7.1, 6.5, 1.2, 21.6, 0.0, 0.0, 0.3, 4.1, 0.1, 151.3, 1.0]
Five-spice braised pork: [298.9, 7.6, 24.6, 17.6, 27.1, 0.7, 0.3, 5.0, 1.4, 0.9, 51.5, 2.0]
Red pepper and soybean paste salad: [38.0, 4.2, 1.0, 2.1, 11.5, 0.1, 0.0, 0.3, 13.8, 0.0, 13.1, 0.3]
Furikake rice: [166.6, 26.9, 4.7, 3.9, 19.4, 0.1, 0.1, 1.0, 6.6, 0.0, 61.6, 0.6]
Tonkotsu ramen: [442.4, 51.9, 21.5, 15.5, 12.1, 0.4, 1.0, 3.0, 4.0, 0.6, 171.1, 1.7]
Cajun salad: [222.2, 16.1, 10.5, 13.0, 35.5, 0.1, 0.1, 4.4, 8.0, 0.1, 44.3, 0.8]
Roasted grain drink: [137.9, 25.8, 5.1, 2.2, 85.5, 0.1, 0.2, 0.7, 0.2, 0.5, 139.0, 1.4]
Radish and beef stew: [114.5, 2.7, 9.4, 7.2, 3.8, 0.0, 0.1, 0.8, 2.8, 0, 131.1, 1.5]
Paprika and cucumber salad: [25.8, 4.4, 0.9, 0.8, 8.7, 0.0, 0.1, 0.2, 12.4, 0, 15.1, 0.2]
Tteokbokki with sundae: [263.6, 51.3, 8.4, 3.0, 68.9, 0.1, 0.2, 0.9, 3.2, 0, 114.6, 2.1]
Fired lotus root: [95.9, 17.3, 1.3, 2.4, 0.5, 0.0, 0.0, 0.1, 9.2, 0, 24.4, 0.5]
Fruit skewers: [28.7, 6.9, 0.6, 0.2, 13.6, 0.0, 0.0, 0.3, 3.3, 0, 4.8, 0.2]
Braised short ribs: [292.3, 16.2, 23.7, 13.9, 29.4, 0.7, 0.4, 3.8, 3.3, 0.5, 19.0, 1.2]
Soybean sprout and noodle salad: [69.4, 12.7, 1.5, 1.4, 15.7, 0.0, 0.1, 0.3, 0.8, 0.0, 31.4, 0.9]
Black bean and chive pancake: [95.9, 14.1, 3.4, 2.9, 26.9, 0.1, 0.2, 0.3, 2.9, 0.0, 18.3, 1.0]
Watermelon roll cake: [70.0, 6.1, 0.8, 4.7, 32.8, 0.0, 0.0, 0.0, 0.6, 0.0, 11.0, 0.1]
Beef curry rice: [393.9, 69.7, 13.6, 5.9, 52.1, 0.4, 0.1, 1.8, 9.3, 0, 30.9, 1.7]
Lettuce and kiwi salad: [55.1, 9.0, 0.6, 2.2, 15.9, 0.0, 0.0, 0.2, 15.3, 0, 17.2, 0.2]
Taiwanese cheese pie: [175.6, 0.0, 16.7, 11.1, 36.9, 0.1, 0.1, 4.1, 0.0, 0, 8.1, 0.5]
Soybean paste soup with dried radish greens: [30.1, 2.4, 4.1, 0.6, 33.8, 0.0, 0.1, 0.2, 0.6, 0.1, 153.4, 1.1]
Braised beef short ribs: [325.9, 15.3, 24.5, 17.2, 17.0, 0.1, 0.3, 1.9, 1.9, 0.0, 13.7, 3.5]
Stir-fried garlic scapes with fish cakes: [91.2, 10.9, 2.9, 4.3, 29.2, 0.0, 0.1, 0.4, 8.8, 0.0, 30.1, 0.4]
Fried chili peppers: [43.5, 7.7, 1.2, 0.9, 9.7, 0.0, 0.1, 0.2, 4.2, 0.0, 18.6, 0.3]
Mango stic: [32.0, 7.9, 0.3, 0.1, 0.0, 0.0, 0.0, 0.2, 1.4, 0.0, 2.7, 0.0]
Tofu soybean paste stew: [52.6, 4.7, 5.6, 1.7, 7.7, 0.1, 0.1, 0.5, 3.2, 0.1, 128.4, 1.2]
Three-color namul: [40.3, 5.2, 1.9, 1.4, 21.6, 0.1, 0.0, 0.4, 3.7, 0.0, 22.5, 0.3]
Cabbage salad: [59.1, 5.6, 0.5, 4.0, 4.2, 0.0, 0.0, 0.1, 4.7, 0.0, 11.9, 0.1]
Hamburger steak: [321.3, 37.3, 14.8, 12.5, 38.6, 0.1, 0.1, 1.7, 1.0, 0.0, 121.9, 1.2]
Chocolate rice cake: [144.2, 31.0, 2.7, 0.4, 0.0, 0.0, 0.0, 0.4, 0.0, 0.0, 3.0, 0.1]
Mala soup: [242.5, 10.8, 22.7, 11.9, 26.0, 0.6, 0.1, 5.7, 14.0, 0.6, 54.3, 1.1]
Seasoned wild chervil: [19.7, 2.7, 0.7, 0.8, 30.0, 0.0, 0.1, 0.2, 1.0, 0.0, 16.4, 0.4]
Chili fried shrimp: [197.5, 20.2, 4.1, 11.1, 6.8, 0.0, 0.0, 0.6, 2.2, 0.0, 49.9, 0.4]
Apple: [24.8, 6.0, 0.1, 0.3, 0.4, 0.0, 0.0, 0.2, 0.6, 0.0, 1.8, 0.0]
Yogert: [45.0, 11.0, 1.0, 0.0, 0.0, 0.0, 0.1, 0.0, 0.5, 0.0, 35.0, 0.0]
Bibimbap: [402.7, 53.7, 16.9, 12.2, 102.5, 0.2, 0.3, 2.0, 5.1, 0.5, 59.9, 2.8]
Katsuo soup: [66.1, 2.6, 6.1, 3.5, 1.1, 0.3, 0.0, 0.5, 0.3, 0.1, 154.1, 1.2]
Stir-Fried soft tofu with red pepper paste: [56.2, 7.4, 1.9, 2.3, 42.7, 0.1, 0.1, 0.7, 0.8, 0.0, 8.4, 0.3]
Hot dog: [239.4, 10.8, 9.1, 17.5, 71.6, 0.0, 0.2, 4.0, 0.5, 0.0, 40.8, 1.4]
Cheonggyul ade: [32.6, 8.3, 0.0, 0.0, 0.0, 0.0, 0.0, 0.0, 0.0, 0.0, 0.7, 0.0]
Braised pork and rice cakes: [262.5, 22.4, 21.9, 8.7, 19.5, 0.5, 0.4, 3.3, 1.4, 0.8, 23.8, 1.1]
Buckwheat jelly salad: [43.8, 7.5, 2.1, 1.0, 8.4, 0.1, 0.1, 0.4, 3.5, 0.0, 29.1, 1.1]
Yeolmu soybean paste salad: [23.8, 2.2, 1.4, 1.3, 81.9, 0.0, 0.1, 0.2, 2.8, 0.0, 65.6, 0.8]
Stir-fried squid and broccoli: [86.5, 7.9, 9.7, 1.2, 32.6, 0.1, 0.1, 0.4, 4.9, 0.0, 19.2, 0.3]
Cream-filled churros: [166.5, 25.0, 3.4, 6.8, 0.0, 0.0, 0.0, 0.0, 0.0, 0.0, 0.0, 0.0]
Spicy cold noodles with vegetables: [159.9, 31.6, 4.6, 1.4, 43.9, 0.1, 0.1, 1.1, 5.5, 0.0, 25.6, 0.5]
Chicken soup with rice: [149.2, 6.4, 14.1, 7.0, 45.3, 0.2, 0.2, 1.9, 3.9, 0.0, 27.9, 1.7]
Bacon, potato, and beet pancake: [182.1, 24.1, 4.8, 7.1, 0.5, 0.1, 0.2, 0.6, 12.0, 0.1, 17.6, 0.5]
Fruit skewers: [25.2, 6.4, 0.7, 0.0, 13.4, 0.0, 0.0, 0.2, 11.8, 0.0, 6.9, 0.2]
Beef soup: [108.7, 3.0, 9.2, 6.5, 11.8, 0.0, 0.1, 1.0, 4.1, 0.1, 118.8, 1.4]
Three-color cold salad: [34.9, 7.6, 0.5, 0.6, 0.9, 0.0, 0.0, 0.2, 2.2, 0.0, 16.9, 0.1]
Cheese tteokbokki: [291.3, 39.3, 13.4, 8.7, 81.9, 0.1, 0.2, 0.7, 4.8, 0.4, 132.4, 1.2]
Morning glory: [31.0, 3.6, 1.0, 1.5, 107.9, 0.0, 0.1, 0.4, 5.9, 0.0, 24.2, 0.5]
Spiral sausages: [132.2, 14.4, 4.8, 6.1, 1.6, 0.0, 0.1, 0.6, 12.7, 0.0, 27.2, 0.3]
Bibim makguksu: [150.3, 29.4, 3.9, 2.1, 47.5, 0.1, 0.1, 0.7, 2.1, 0.0, 20.2, 0.6]
Enoki mushroom soup: [27.3, 2.8, 3.6, 0.5, 51.1, 0.1, 0.1, 0.4, 1.9, 0.1, 118.7, 0.9]
Boiled pork belly: [306.7, 4.9, 24.6, 18.7, 26.6, 0.7, 0.4, 3.7, 13.5, 1.0, 22.1, 1.2]
Zzayo: [31.9, 5.5, 1.3, 0.5, 16.0, 0.2, 0.1, 0.0, 0.6, 2.1, 48.3, 0.0]
Melon: [24.0, 5.8, 0.9, 0.0, 1.2, 0.0, 0.0, 0.1, 1.2, 0.0, 4.2, 0.2]
Potato and zucchini soup: [38.7, 5.7, 3.6, 0.3, 4.7, 0.0, 0.0, 0.2, 4.1, 0.1, 114.4, 0.8]
Braised beef in soy sauce: [206.5, 6.3, 19.5, 10.5, 49.7, 0.1, 0.2, 1.4, 1.6, 0.6, 23.0, 2.7]
Pizza: [176.6, 20.1, 9.3, 6.9, 0.0, 0.0, 0.2, 1.8, 0.0, 0.0, 158.5, 0.4]
Lime lemon juice: [32.5, 10.9, 0.5, 0.1, 3.9, 0.0, 0.0, 0.2, 39.0, 0.0, 18.2, 0.1]
Freshwater clam soup: [28.8, 2.2, 4.0, 0.5, 1.6, 0.0, 0.0, 0.5, 2.3, 0, 131.3, 3.0]
Beef and burdock root braised in soy sauce: [64.8, 5.9, 3.3, 3.3, 0.5, 0.0, 0.1, 0.3, 0.2, 0, 13.3, 0.5]
Seasoned lettuce salad: [20.9, 2.9, 0.8, 0.9, 49.4, 0.0, 0.1, 0.3, 14.9, 0, 28.0, 0.4]
Stir-fried smoked duck: [264.1, 8.3, 19.1, 17.4, 26.0, 0.2, 0.4, 18.8, 201.1, 0, 40.2, 2.7]
Honey tomatoes: [33.0, 8.3, 0.6, 0.1, 19.2, 0.0, 0.1, 0.2, 8.5, 0, 6.0, 0.1]
Skewered rice cakes: [131.3, 24.8, 1.9, 2.7, 8.2, 0.0, 0.0, 0.1, 0.3, 0, 5.7, 0.1]
Spaghetti: [335.7, 52.7, 14.8, 7.3, 81.2, 0.3, 0.1, 2.4, 6.4, 0.1, 78.1, 1.2]
Pork steak & sausage: [298.6, 4.7, 25.4, 19.4, 22.4, 0.8, 0.4, 5.1, 32.6, 0.9, 22.6, 1.4]
Beet and cucumber pickles: [16.7, 4.1, 0.5, 0.5, 1.5, 0.0, 0.0, 0.1, 4.3, 0.0, 8.9, 0.1]
Garlic bread: [105.0, 12.5, 2.5, 0.5, 3.9, 0.1, 0.1, 1.2, 0.1, 0.1, 8.1, 0.9]
Udon with Skewered Fish Cake: [294.9, 49.8, 12.1, 4.5, 15.8, 0.3, 0.0, 1.2, 0.8, 0.0, 171.2, 1.3]
Braised Pork and Quail Eggs in Soy Sauce: [165.5, 2.2, 17.0, 9.0, 99.1, 0.4, 0.3, 2.7, 3.6, 1.5, 39.8, 1.8]
Fresh Bok Choy Salad: [15.4, 2.3, 0.6, 0.6, 16.1, 0.0, 0.0, 0.1, 3.7, 0.0, 21.0, 0.2]
Crab Stick with Sesame Bread: [180.8, 21.7, 3.2, 7.4, 0.0, 0.0, 0.0, 0.2, 0.0, 0.0, 23.4, 0.1]
Potato Dough Soup: [189.1, 40.3, 6.3, 0.6, 3.4, 0.0, 0.0, 0.2, 3.1, 0.0, 70.3, 0.5]
Stir-Fried Bean Sprouts with Bulgogi: [228.4, 4.0, 28.1, 10.3, 20.8, 0.7, 0.2, 7.0, 7.7, 0.9, 17.2, 1.1]
Seasoned Parisian Chili: [24.7, 3.0, 1.6, 0.8, 12.1, 0.1, 0.1, 0.3, 10.0, 0.0, 13.1, 0.4]
Grilled Sole: [93.0, 1.6, 11.1, 3.5, 4.0, 0.0, 0.1, 2.2, 1.0, 0.0, 20.7, 0.4]
Mini Croissant: [72.9, 7.7, 1.3, 4.1, 0.0, 0.0, 0.0, 0.0, 0.0, 0.0, 0.0, 0.0]
Army Stew: [159.3, 6.8, 10.7, 10.0, 11.2, 0.3, 0.1, 2.5, 12.8, 0.1, 88.1, 0.9]
Braised Pork Ribs with Aged Kimchi: [229.0, 6.3, 16.2, 14.3, 39.7, 0.5, 0.2, 3.0, 5.2, 0.0, 46.4, 1.0]
Grilled Beltfish: [89.2, 2.6, 9.5, 4.1, 0.0, 0.1, 0.1, 1.2, 0.5, 0.0, 25.4, 0.5]
Young Radish Kimchi: [8.0, 1.2, 0.6, 0.1, 18.3, 0.0, 0.0, 0.1, 0.4, 0.0, 33.5, 0.2]
Mugwort Rice Cake: [144.2, 31.0, 2.7, 0.4, 0.0, 0.0, 0.0, 0.4, 0.0, 0.0, 3.0, 0.1]
Gochang Watermelon Juice: [30.0, 7.6, 0.6, 0.2, 28.0, 0.0, 0.0, 0.2, 8.1, 0.0, 7.0, 0.2]
Dried Pollack Soup: [38.3, 2.2, 4.3, 1.3, 10.1, 0.0, 0.1, 0.3, 2.3, 0.1, 90.2, 0.8]
Fried Chinese Dumplings: [104.2, 12.4, 3.6, 4.4, 5.6, 0.3, 0.0, 0.4, 0.0, 0.0, 36.4, 1.7]
Grilled Thin-Sliced Pork Belly with Garlic: [340.7, 7.8, 21.4, 23.4, 41.4, 0.7, 0.2, 4.2, 1.4, 0.8, 14.8, 0.9]
Lettuce Wrap with Soybean Paste: [37.2, 5.2, 2.2, 1.0, 68.6, 0.1, 0.1, 0.3, 5.5, 0.0, 45.8, 1.1]
Popping Pearls: [125.3, 15.6, 3.5, 5.5, 81.9, 0.0, 0.1, 0.0, 1.2, 0.0, 56.0, 0.0]
Octopus and Radish Soup: [90.0, 4.1, 13.5, 1.6, 8.9, 0.1, 0.1, 0.3, 4.4, 0.0, 141.8, 1.8]
Cabbage Wrap with Seasoning: [36.0, 6.4, 1.8, 0.9, 24.0, 0.1, 0.1, 0.4, 11.1, 0.0, 50.2, 0.3]
Dongin-dong Style Braised Pork Ribs: [346.9, 25.2, 22.7, 16.3, 77.8, 0.7, 0.4, 4.8, 5.5, 0.2, 22.9, 1.4]
Seaweed Seasoned with Roasted Soybean and Rice: [64.6, 4.4, 3.0, 3.8, 21.3, 0.0, 0.1, 0.3, 0.2, 0.3, 28.4, 1.4]
Spicy Duck Soup: [172.4, 4.7, 8.8, 12.9, 64.4, 0.1, 0.3, 2.1, 8.5, 0, 102.8, 1.5]
Seasoned Shepherd's Purse: [17.1, 1.9, 0.9, 0.8, 43.4, 0.0, 0.1, 0.2, 1.6, 0, 31.0, 0.4]
Stir-Fried Udon with Baby Octopus: [194.1, 33.1, 10.0, 2.1, 78.8, 0.1, 0.2, 1.9, 7.6, 0, 43.6, 1.4]
Grilled Hamburger Steak with Sauce: [216.8, 28.6, 9.6, 7.2, 21.6, 0.1, 0.1, 1.3, 0.4, 0, 24.0, 1.0]
Grape Juice: [66.2, 18.2, 0.3, 0.0, 1.4, 0.0, 0.0, 0.2, 0.0, 0, 16.2, 0.3]
Spicy Soft Tofu Soup with Seafood: [140.8, 5.4, 15.6, 5.9, 23.1, 0.5, 0.2, 2.1, 2.4, 0.2, 131.3, 1.7]
Stir-Fried Zucchini with Oyster Mushrooms: [18.0, 2.8, 1.2, 0.6, 10.5, 0.0, 0.1, 0.3, 1.8, 0.0, 15.7, 0.3]
Stir-Fried Vienna Sausage: [182.8, 10.6, 10.3, 11.1, 8.2, 0.2, 0.1, 2.3, 18.9, 0.2, 19.9, 0.5]
Fried Pork Ribs: [292.4, 0.0, 21.3, 21.5, 4.8, 0.7, 0.2, 3.7, 1.0, 0.0, 10.8, 0.9]
Boneless Hangover Soup: [169.4, 4.9, 15.2, 9.7, 85.6, 0.5, 0.2, 3.4, 10.1, 0.2, 103.7, 1.4]
Spicy Chewy Noodles with Vegetables: [278.6, 52.8, 8.7, 2.8, 49.2, 0.1, 0.1, 2.0, 6.2, 0.0, 60.0, 1.0]
Stir-Fried Shishito Peppers with Anchovies: [34.9, 4.2, 3.0, 0.6, 2.5, 0.0, 0.0, 0.2, 3.6, 1.1, 42.5, 0.1]
Choose-Your-Own Popsicle: [32.0, 3.7, 0.4, 2.0, 23.4, 0.0, 0.0, 0.0, 0.3, 0.0, 16.0, 0.0]
Combination Pizza: [120.0, 13.7, 6.3, 4.7, 0.0, 0.1, 0.1, 1.3, 0.0, 0.0, 107.7, 0.3]
Korean-Style Spicy Mala Soup: [75.0, 6.5, 5.5, 3.5, 40.1, 0.2, 0.1, 0.9, 9.8, 0.1, 85.3, 0.9]
Crispy Chicken Salad with Sauce: [295.0, 20.2, 15.4, 17.4, 24.1, 0.4, 0.0, 0.4, 6.0, 0.0, 22.0, 0.8]
Seasoned Wedge Potatoes: [47.4, 10.4, 1.5, 0.1, 0.6, 0.0, 0.0, 0.2, 6.3, 0.0, 13.2, 0.6]
Strawberry Ade: [115.0, 29.9, 0.0, 1.2, 0.0, 0.0, 0.0, 0.0, 8.0, 0.0, 0.0, 0.0]
Spicy Seafood Noodle Soup: [58.0, 4.0, 7.8, 1.2, 35.1, 0.1, 0.1, 1.1, 4.8, 0.9, 94.1, 1.0]
Smoked Duck and Chive Salad: [261.3, 5.1, 14.1, 20.6, 26.6, 0.2, 0.2, 2.8, 16.8, 0.0, 17.1, 0.4]
Seasoned Acorn Jelly: [37.5, 7.5, 1.5, 0.4, 22.3, 0.0, 0.1, 0.3, 2.8, 0.0, 20.2, 0.6]
Golden Star Cutlet with Sauce: [216.7, 17.7, 13.5, 10.8, 16.2, 0.6, 0.1, 2.8, 2.8, 0.0, 62.5, 0.8]
Ice Cream Puff: [66.8, 7.5, 0.9, 3.7, 4.6, 0.1, 0.0, 0.4, 0.0, 0.1, 7.0, 0.2]
Hangover Soup with Dried Radish Greens: [199.1, 5.8, 17.4, 11.5, 110.0, 0.6, 0.2, 3.7, 5.8, 0.2, 104.2, 1.8]
Braised Burdock Root and Peanuts: [40.2, 5.1, 1.7, 1.7, 0.0, 0.0, 0.0, 0.4, 0.2, 0.0, 17.9, 0.4]
Stir-Fried Glass Noodles with Bean Sprouts: [77.5, 13.0, 3.5, 1.2, 25.2, 0.1, 0.1, 0.5, 1.9, 0.0, 39.2, 0.9]
Homemade Chicken Tender Sticks with Mustard: [232.0, 12.8, 14.6, 13.4, 8.6, 0.1, 0.1, 5.7, 0.5, 0.1, 39.8, 0.9]
Cold Seaweed and Cucumber Soup: [53.8, 16.7, 1.2, 0.4, 9.5, 0.0, 0.0, 0.3, 55.9, 0, 40.1, 0.3]
Boneless Pork Trotters: [200.7, 0.0, 21.9, 11.9, 0.0, 0.0, 0.1, 1.1, 0.0, 0, 66.3, 0.5]
Spicy Buckwheat Noodles: [340.0, 69.5, 13.1, 1.4, 74.9, 0.2, 0.3, 1.8, 11.4, 0, 60.1, 2.9]
Seasoned Pickled Onions: [24.8, 5.6, 0.9, 0.1, 3.2, 0.0, 0.0, 0.1, 6.4, 0, 10.8, 0.2]
Enyo Yogurt: [79.0, 12.8, 3.1, 1.8, 23.0, 0.0, 0.4, 0.3, 0.9, 0, 15.0, 0.1]
Army Stew with Ramen Noodles: [281.8, 30.4, 13.3, 12.0, 20.6, 0.2, 0.4, 2.0, 14.7, 0.1, 139.4, 1.1]
Seasoned Fiddlehead Ferns: [24.1, 1.1, 1.0, 1.9, 58.4, 0.0, 0.0, 0.0, 2.6, 0.0, 61.7, 0.6]
Stir-Fried Anchovies with Muesli: [41.6, 3.1, 5.0, 1.0, 3.7, 0.0, 0.0, 0.3, 2.1, 1.4, 59.8, 0.3]
Taiwanese Sweet and Sour Pork with Sauce: [349.1, 36.5, 9.9, 18.1, 17.2, 0.2, 0.2, 2.8, 1.1, 0.0, 18.8, 9.5]
Green Seaweed: [18.0, 0.3, 0.3, 1.4, 29.7, 0.1, 0.0, 0.2, 2.3, 0.0, 5.2, 0.2]
Soup with Dried Shrimp and Swiss Chard: [22.8, 2.5, 2.9, 0.4, 102.4, 0.1, 0.1, 0.4, 2.5, 0.0, 91.5, 0.7]
Braised Chicken with Sweet Pumpkin: [210.7, 24.1, 23.0, 2.4, 148.5, 0.2, 0.4, 3.0, 9.2, 0.0, 50.1, 1.5]
Seafood Udon Stir-Fry: [197.2, 32.9, 10.7, 1.9, 10.9, 0.2, 0.1, 1.8, 8.5, 0.1, 29.8, 0.5]
Tangerine Pudding: [84.4, 17.7, 0.0, 1.5, 0.0, 0.0, 0.0, 0.0, 0.0, 0.0, 0.0, 0.0]
Chungmu Kimbap: [381.1, 78.9, 11.1, 1.6, 0.0, 0.1, 0.6, 1.5, 0.0, 0.0, 27.8, 1.8]
Skewered Fish Cake Soup: [114.1, 12.3, 9.2, 3.2, 19.2, 0.2, 0.0, 0.4, 0.7, 0.0, 140.2, 1.0]
Ravioli Dumplings: [38.4, 7.4, 1.1, 0.3, 0.0, 0.0, 0.0, 0.3, 0.0, 0.0, 1.4, 0.1]
Seasoned Squid for Chungmu Kimbap: [92.9, 7.7, 10.2, 1.7, 13.8, 0.1, 0.1, 0.3, 5.1, 2.6, 41.0, 0.6]
Stellar Tteokbokki: [62.9, 14.2, 1.4, 0.2, 25.8, 0.0, 0.0, 0.3, 3.9, 0.0, 15.6, 0.2]
Mixed Drink: [105.3, 26.8, 0.0, 0.0, 11.5, 0.0, 0.0, 0.9, 21.6, 0.0, 23.0, 0.9]
